** Running basic-01.txt **
fetched RAM[10..1f]
got 9a from cache[10]

========== L1 cache ==========
┌─ set  0 ─ PLRU    0 ─┬──┈
│ 0 0                0 │ 00 00 00 00 00 00 00 00 00 00 00 00 00 00 00 00
│ 0 0                0 │ 00 00 00 00 00 00 00 00 00 00 00 00 00 00 00 00
│ 0 0                0 │ 00 00 00 00 00 00 00 00 00 00 00 00 00 00 00 00
│ 0 0                0 │ 00 00 00 00 00 00 00 00 00 00 00 00 00 00 00 00
┌─ set  1 ─ PLRU    3 ─┬──┈
│ 1 0                0 │ 9a bf e4 09 2e 78 9d c2 e7 0c 31 56 a0 c5 ea 0f
│ 0 0                0 │ 00 00 00 00 00 00 00 00 00 00 00 00 00 00 00 00
│ 0 0                0 │ 00 00 00 00 00 00 00 00 00 00 00 00 00 00 00 00
│ 0 0                0 │ 00 00 00 00 00 00 00 00 00 00 00 00 00 00 00 00
┌─ set  2 ─ PLRU    0 ─┬──┈
│ 0 0                0 │ 00 00 00 00 00 00 00 00 00 00 00 00 00 00 00 00
│ 0 0                0 │ 00 00 00 00 00 00 00 00 00 00 00 00 00 00 00 00
│ 0 0                0 │ 00 00 00 00 00 00 00 00 00 00 00 00 00 00 00 00
│ 0 0                0 │ 00 00 00 00 00 00 00 00 00 00 00 00 00 00 00 00
┌─ set  3 ─ PLRU    0 ─┬──┈
│ 0 0                0 │ 00 00 00 00 00 00 00 00 00 00 00 00 00 00 00 00
│ 0 0                0 │ 00 00 00 00 00 00 00 00 00 00 00 00 00 00 00 00
│ 0 0                0 │ 00 00 00 00 00 00 00 00 00 00 00 00 00 00 00 00
│ 0 0                0 │ 00 00 00 00 00 00 00 00 00 00 00 00 00 00 00 00
┌─ set  4 ─ PLRU    0 ─┬──┈
│ 0 0                0 │ 00 00 00 00 00 00 00 00 00 00 00 00 00 00 00 00
│ 0 0                0 │ 00 00 00 00 00 00 00 00 00 00 00 00 00 00 00 00
│ 0 0                0 │ 00 00 00 00 00 00 00 00 00 00 00 00 00 00 00 00
│ 0 0                0 │ 00 00 00 00 00 00 00 00 00 00 00 00 00 00 00 00
┌─ set  5 ─ PLRU    0 ─┬──┈
│ 0 0                0 │ 00 00 00 00 00 00 00 00 00 00 00 00 00 00 00 00
│ 0 0                0 │ 00 00 00 00 00 00 00 00 00 00 00 00 00 00 00 00
│ 0 0                0 │ 00 00 00 00 00 00 00 00 00 00 00 00 00 00 00 00
│ 0 0                0 │ 00 00 00 00 00 00 00 00 00 00 00 00 00 00 00 00
┌─ set  6 ─ PLRU    0 ─┬──┈
│ 0 0                0 │ 00 00 00 00 00 00 00 00 00 00 00 00 00 00 00 00
│ 0 0                0 │ 00 00 00 00 00 00 00 00 00 00 00 00 00 00 00 00
│ 0 0                0 │ 00 00 00 00 00 00 00 00 00 00 00 00 00 00 00 00
│ 0 0                0 │ 00 00 00 00 00 00 00 00 00 00 00 00 00 00 00 00
┌─ set  7 ─ PLRU    0 ─┬──┈
│ 0 0                0 │ 00 00 00 00 00 00 00 00 00 00 00 00 00 00 00 00
│ 0 0                0 │ 00 00 00 00 00 00 00 00 00 00 00 00 00 00 00 00
│ 0 0                0 │ 00 00 00 00 00 00 00 00 00 00 00 00 00 00 00 00
│ 0 0                0 │ 00 00 00 00 00 00 00 00 00 00 00 00 00 00 00 00
========== L1 cache ==========
