** Running writeback-02.txt **
fetched RAM[10..1f]
fetched RAM[210..21f]
fetched RAM[410..41f]
fetched RAM[810..81f]
RAM[10..1f] = [ FF BF E4 09 2E 78 9D C2 E7 0C 31 56 A0 C5 EA 0F ]
fetched RAM[1010..101f]

========== L1 cache ==========
┌─ set  0 ─ PLRU    0 ─┬──┈
│ 0 0                0 │ 00 00 00 00 00 00 00 00 00 00 00 00 00 00 00 00
│ 0 0                0 │ 00 00 00 00 00 00 00 00 00 00 00 00 00 00 00 00
│ 0 0                0 │ 00 00 00 00 00 00 00 00 00 00 00 00 00 00 00 00
│ 0 0                0 │ 00 00 00 00 00 00 00 00 00 00 00 00 00 00 00 00
┌─ set  1 ─ PLRU    3 ─┬──┈
│ 1 1               20 │ 74 99 be e3 bb 52 77 9c c1 e6 0b 30 7a 9f c4 e9
│ 1 1                8 │ fe 23 dd 6d 92 dc 01 26 4b 70 95 ba 04 29 4e 73
│ 1 1                4 │ 4c ee 96 bb e0 2a 4f 74 99 be e3 08 52 77 9c c1
│ 1 1               10 │ 87 ac d1 cc 1b 65 8a af d4 f9 1e 43 8d b2 d7 fc
┌─ set  2 ─ PLRU    0 ─┬──┈
│ 0 0                0 │ 00 00 00 00 00 00 00 00 00 00 00 00 00 00 00 00
│ 0 0                0 │ 00 00 00 00 00 00 00 00 00 00 00 00 00 00 00 00
│ 0 0                0 │ 00 00 00 00 00 00 00 00 00 00 00 00 00 00 00 00
│ 0 0                0 │ 00 00 00 00 00 00 00 00 00 00 00 00 00 00 00 00
┌─ set  3 ─ PLRU    0 ─┬──┈
│ 0 0                0 │ 00 00 00 00 00 00 00 00 00 00 00 00 00 00 00 00
│ 0 0                0 │ 00 00 00 00 00 00 00 00 00 00 00 00 00 00 00 00
│ 0 0                0 │ 00 00 00 00 00 00 00 00 00 00 00 00 00 00 00 00
│ 0 0                0 │ 00 00 00 00 00 00 00 00 00 00 00 00 00 00 00 00
┌─ set  4 ─ PLRU    0 ─┬──┈
│ 0 0                0 │ 00 00 00 00 00 00 00 00 00 00 00 00 00 00 00 00
│ 0 0                0 │ 00 00 00 00 00 00 00 00 00 00 00 00 00 00 00 00
│ 0 0                0 │ 00 00 00 00 00 00 00 00 00 00 00 00 00 00 00 00
│ 0 0                0 │ 00 00 00 00 00 00 00 00 00 00 00 00 00 00 00 00
┌─ set  5 ─ PLRU    0 ─┬──┈
│ 0 0                0 │ 00 00 00 00 00 00 00 00 00 00 00 00 00 00 00 00
│ 0 0                0 │ 00 00 00 00 00 00 00 00 00 00 00 00 00 00 00 00
│ 0 0                0 │ 00 00 00 00 00 00 00 00 00 00 00 00 00 00 00 00
│ 0 0                0 │ 00 00 00 00 00 00 00 00 00 00 00 00 00 00 00 00
┌─ set  6 ─ PLRU    0 ─┬──┈
│ 0 0                0 │ 00 00 00 00 00 00 00 00 00 00 00 00 00 00 00 00
│ 0 0                0 │ 00 00 00 00 00 00 00 00 00 00 00 00 00 00 00 00
│ 0 0                0 │ 00 00 00 00 00 00 00 00 00 00 00 00 00 00 00 00
│ 0 0                0 │ 00 00 00 00 00 00 00 00 00 00 00 00 00 00 00 00
┌─ set  7 ─ PLRU    0 ─┬──┈
│ 0 0                0 │ 00 00 00 00 00 00 00 00 00 00 00 00 00 00 00 00
│ 0 0                0 │ 00 00 00 00 00 00 00 00 00 00 00 00 00 00 00 00
│ 0 0                0 │ 00 00 00 00 00 00 00 00 00 00 00 00 00 00 00 00
│ 0 0                0 │ 00 00 00 00 00 00 00 00 00 00 00 00 00 00 00 00
========== L1 cache ==========
