** Running basic-08.txt **
fetched RAM[fffffffffffffff0..ffffffffffffffff]
got 6c from cache[ffffffffffffffff]
got 6c from cache[ffffffffffffff]
got 6c from cache[ffffffffffff]
fetched RAM[fffffffff0..ffffffffff]
got 4c from cache[ffffffffff]
fetched RAM[fffffff0..ffffffff]
got a3 from cache[ffffffff]
fetched RAM[fffff0..ffffff]
got 6e from cache[ffffff]
fetched RAM[fff0..ffff]
got c8 from cache[ffff]
fetched RAM[f0..ff]
got 0f from cache[ff]
fetched RAM[0..f]
got 00 from cache[0]

========== L1 cache ==========
┌─ set  0 ─ PLRU    3 ─┬──┈
│ 1 0                0 │ 00 25 4a 6f 94 b9 de 28 4d 72 97 bc e1 06 50 75
│ 0 0                0 │ 00 00 00 00 00 00 00 00 00 00 00 00 00 00 00 00
│ 0 0                0 │ 00 00 00 00 00 00 00 00 00 00 00 00 00 00 00 00
│ 0 0                0 │ 00 00 00 00 00 00 00 00 00 00 00 00 00 00 00 00
┌─ set  1 ─ PLRU    0 ─┬──┈
│ 0 0                0 │ 00 00 00 00 00 00 00 00 00 00 00 00 00 00 00 00
│ 0 0                0 │ 00 00 00 00 00 00 00 00 00 00 00 00 00 00 00 00
│ 0 0                0 │ 00 00 00 00 00 00 00 00 00 00 00 00 00 00 00 00
│ 0 0                0 │ 00 00 00 00 00 00 00 00 00 00 00 00 00 00 00 00
┌─ set  2 ─ PLRU    0 ─┬──┈
│ 0 0                0 │ 00 00 00 00 00 00 00 00 00 00 00 00 00 00 00 00
│ 0 0                0 │ 00 00 00 00 00 00 00 00 00 00 00 00 00 00 00 00
│ 0 0                0 │ 00 00 00 00 00 00 00 00 00 00 00 00 00 00 00 00
│ 0 0                0 │ 00 00 00 00 00 00 00 00 00 00 00 00 00 00 00 00
┌─ set  3 ─ PLRU    0 ─┬──┈
│ 0 0                0 │ 00 00 00 00 00 00 00 00 00 00 00 00 00 00 00 00
│ 0 0                0 │ 00 00 00 00 00 00 00 00 00 00 00 00 00 00 00 00
│ 0 0                0 │ 00 00 00 00 00 00 00 00 00 00 00 00 00 00 00 00
│ 0 0                0 │ 00 00 00 00 00 00 00 00 00 00 00 00 00 00 00 00
┌─ set  4 ─ PLRU    0 ─┬──┈
│ 0 0                0 │ 00 00 00 00 00 00 00 00 00 00 00 00 00 00 00 00
│ 0 0                0 │ 00 00 00 00 00 00 00 00 00 00 00 00 00 00 00 00
│ 0 0                0 │ 00 00 00 00 00 00 00 00 00 00 00 00 00 00 00 00
│ 0 0                0 │ 00 00 00 00 00 00 00 00 00 00 00 00 00 00 00 00
┌─ set  5 ─ PLRU    0 ─┬──┈
│ 0 0                0 │ 00 00 00 00 00 00 00 00 00 00 00 00 00 00 00 00
│ 0 0                0 │ 00 00 00 00 00 00 00 00 00 00 00 00 00 00 00 00
│ 0 0                0 │ 00 00 00 00 00 00 00 00 00 00 00 00 00 00 00 00
│ 0 0                0 │ 00 00 00 00 00 00 00 00 00 00 00 00 00 00 00 00
┌─ set  6 ─ PLRU    0 ─┬──┈
│ 0 0                0 │ 00 00 00 00 00 00 00 00 00 00 00 00 00 00 00 00
│ 0 0                0 │ 00 00 00 00 00 00 00 00 00 00 00 00 00 00 00 00
│ 0 0                0 │ 00 00 00 00 00 00 00 00 00 00 00 00 00 00 00 00
│ 0 0                0 │ 00 00 00 00 00 00 00 00 00 00 00 00 00 00 00 00
┌─ set  7 ─ PLRU    6 ─┬──┈
│ 1 0              1ff │ 53 78 9d e7 0c 31 56 7b a0 c5 0f 34 59 7e a3 c8
│ 1 0          1ffffff │ 2e 53 78 c2 e7 0c 31 56 7b a0 ea 0f 34 59 7e a3
│ 1 0                1 │ 9a bf e4 2e 53 78 9d c2 e7 0c 56 7b a0 c5 ea 0f
│ 1 0            1ffff │ f9 1e 43 8d b2 d7 fc 21 46 6b b5 da ff 24 49 6e
========== L1 cache ==========
