** Running basic-03.txt **
fetched RAM[200..20f]
got b2 from cache[200]
fetched RAM[100..10f]
got 59 from cache[100]
fetched RAM[80..8f]
got 1a from cache[80]
fetched RAM[40..4f]
got 8d from cache[40]
fetched RAM[20..2f]
got 34 from cache[20]
fetched RAM[10..1f]
got 9a from cache[10]
fetched RAM[0..f]
got 4d from cache[8]
got 94 from cache[4]
got 4a from cache[2]
got 25 from cache[1]
got 00 from cache[0]

========== L1 cache ==========
┌─ set  0 ─ PLRU    0 ─┬──┈
│ 1 0                4 │ b2 d7 fc 21 46 6b 90 da ff 24 49 6e 93 b8 02 27
│ 1 0                1 │ 1a 3f 64 89 d3 f8 1d 42 67 8c b1 fb 20 45 6a 8f
│ 1 0                2 │ 59 7e a3 c8 ed 12 37 81 a6 cb f0 15 3a 5f a9 ce
│ 1 0                0 │ 00 25 4a 6f 94 b9 de 28 4d 72 97 bc e1 06 50 75
┌─ set  1 ─ PLRU    3 ─┬──┈
│ 1 0                0 │ 9a bf e4 09 2e 78 9d c2 e7 0c 31 56 a0 c5 ea 0f
│ 0 0                0 │ 00 00 00 00 00 00 00 00 00 00 00 00 00 00 00 00
│ 0 0                0 │ 00 00 00 00 00 00 00 00 00 00 00 00 00 00 00 00
│ 0 0                0 │ 00 00 00 00 00 00 00 00 00 00 00 00 00 00 00 00
┌─ set  2 ─ PLRU    3 ─┬──┈
│ 1 0                0 │ 34 59 7e c8 ed 12 37 5c 81 a6 f0 15 3a 5f 84 a9
│ 0 0                0 │ 00 00 00 00 00 00 00 00 00 00 00 00 00 00 00 00
│ 0 0                0 │ 00 00 00 00 00 00 00 00 00 00 00 00 00 00 00 00
│ 0 0                0 │ 00 00 00 00 00 00 00 00 00 00 00 00 00 00 00 00
┌─ set  3 ─ PLRU    0 ─┬──┈
│ 0 0                0 │ 00 00 00 00 00 00 00 00 00 00 00 00 00 00 00 00
│ 0 0                0 │ 00 00 00 00 00 00 00 00 00 00 00 00 00 00 00 00
│ 0 0                0 │ 00 00 00 00 00 00 00 00 00 00 00 00 00 00 00 00
│ 0 0                0 │ 00 00 00 00 00 00 00 00 00 00 00 00 00 00 00 00
┌─ set  4 ─ PLRU    3 ─┬──┈
│ 1 0                0 │ 8d b2 d7 fc 21 46 90 b5 da ff 24 49 6e b8 dd 02
│ 0 0                0 │ 00 00 00 00 00 00 00 00 00 00 00 00 00 00 00 00
│ 0 0                0 │ 00 00 00 00 00 00 00 00 00 00 00 00 00 00 00 00
│ 0 0                0 │ 00 00 00 00 00 00 00 00 00 00 00 00 00 00 00 00
┌─ set  5 ─ PLRU    0 ─┬──┈
│ 0 0                0 │ 00 00 00 00 00 00 00 00 00 00 00 00 00 00 00 00
│ 0 0                0 │ 00 00 00 00 00 00 00 00 00 00 00 00 00 00 00 00
│ 0 0                0 │ 00 00 00 00 00 00 00 00 00 00 00 00 00 00 00 00
│ 0 0                0 │ 00 00 00 00 00 00 00 00 00 00 00 00 00 00 00 00
┌─ set  6 ─ PLRU    0 ─┬──┈
│ 0 0                0 │ 00 00 00 00 00 00 00 00 00 00 00 00 00 00 00 00
│ 0 0                0 │ 00 00 00 00 00 00 00 00 00 00 00 00 00 00 00 00
│ 0 0                0 │ 00 00 00 00 00 00 00 00 00 00 00 00 00 00 00 00
│ 0 0                0 │ 00 00 00 00 00 00 00 00 00 00 00 00 00 00 00 00
┌─ set  7 ─ PLRU    0 ─┬──┈
│ 0 0                0 │ 00 00 00 00 00 00 00 00 00 00 00 00 00 00 00 00
│ 0 0                0 │ 00 00 00 00 00 00 00 00 00 00 00 00 00 00 00 00
│ 0 0                0 │ 00 00 00 00 00 00 00 00 00 00 00 00 00 00 00 00
│ 0 0                0 │ 00 00 00 00 00 00 00 00 00 00 00 00 00 00 00 00
========== L1 cache ==========
