** Running multitier-03.txt **
fetched RAM[0..7]
got 00 from cache[0]
fetched RAM[8..f]
got 4d from cache[8]
fetched RAM[10..17]
got 9d from cache[16]

========== L1 cache ==========
│ 1 1                0 │ 00 25 4a 6f ff b9 de 28
│ 1 0                0 │ 4d 72 97 bc e1 06 50 75
│ 1 1                0 │ 9a bf ff 09 2e 78 9d c2
│ 0 0                0 │ 00 00 00 00 00 00 00 00
│ 0 0                0 │ 00 00 00 00 00 00 00 00
│ 0 0                0 │ 00 00 00 00 00 00 00 00
│ 0 0                0 │ 00 00 00 00 00 00 00 00
│ 0 0                0 │ 00 00 00 00 00 00 00 00
========== L1 cache ==========

========== L2 cache ==========
│ 0 0                0 │ 00 00 00 00 00 00 00 00 00 00 00 00 00 00 00 00
│ 0 0                0 │ 00 00 00 00 00 00 00 00 00 00 00 00 00 00 00 00
│ 0 0                0 │ 00 00 00 00 00 00 00 00 00 00 00 00 00 00 00 00
│ 0 0                0 │ 00 00 00 00 00 00 00 00 00 00 00 00 00 00 00 00
│ 0 0                0 │ 00 00 00 00 00 00 00 00 00 00 00 00 00 00 00 00
│ 0 0                0 │ 00 00 00 00 00 00 00 00 00 00 00 00 00 00 00 00
│ 0 0                0 │ 00 00 00 00 00 00 00 00 00 00 00 00 00 00 00 00
│ 0 0                0 │ 00 00 00 00 00 00 00 00 00 00 00 00 00 00 00 00
│ 0 0                0 │ 00 00 00 00 00 00 00 00 00 00 00 00 00 00 00 00
│ 0 0                0 │ 00 00 00 00 00 00 00 00 00 00 00 00 00 00 00 00
│ 0 0                0 │ 00 00 00 00 00 00 00 00 00 00 00 00 00 00 00 00
│ 0 0                0 │ 00 00 00 00 00 00 00 00 00 00 00 00 00 00 00 00
│ 0 0                0 │ 00 00 00 00 00 00 00 00 00 00 00 00 00 00 00 00
│ 0 0                0 │ 00 00 00 00 00 00 00 00 00 00 00 00 00 00 00 00
│ 0 0                0 │ 00 00 00 00 00 00 00 00 00 00 00 00 00 00 00 00
│ 0 0                0 │ 00 00 00 00 00 00 00 00 00 00 00 00 00 00 00 00
│ 0 0                0 │ 00 00 00 00 00 00 00 00 00 00 00 00 00 00 00 00
│ 0 0                0 │ 00 00 00 00 00 00 00 00 00 00 00 00 00 00 00 00
│ 0 0                0 │ 00 00 00 00 00 00 00 00 00 00 00 00 00 00 00 00
│ 0 0                0 │ 00 00 00 00 00 00 00 00 00 00 00 00 00 00 00 00
│ 0 0                0 │ 00 00 00 00 00 00 00 00 00 00 00 00 00 00 00 00
│ 0 0                0 │ 00 00 00 00 00 00 00 00 00 00 00 00 00 00 00 00
│ 0 0                0 │ 00 00 00 00 00 00 00 00 00 00 00 00 00 00 00 00
│ 0 0                0 │ 00 00 00 00 00 00 00 00 00 00 00 00 00 00 00 00
│ 0 0                0 │ 00 00 00 00 00 00 00 00 00 00 00 00 00 00 00 00
│ 0 0                0 │ 00 00 00 00 00 00 00 00 00 00 00 00 00 00 00 00
│ 0 0                0 │ 00 00 00 00 00 00 00 00 00 00 00 00 00 00 00 00
│ 0 0                0 │ 00 00 00 00 00 00 00 00 00 00 00 00 00 00 00 00
│ 0 0                0 │ 00 00 00 00 00 00 00 00 00 00 00 00 00 00 00 00
│ 0 0                0 │ 00 00 00 00 00 00 00 00 00 00 00 00 00 00 00 00
│ 0 0                0 │ 00 00 00 00 00 00 00 00 00 00 00 00 00 00 00 00
│ 0 0                0 │ 00 00 00 00 00 00 00 00 00 00 00 00 00 00 00 00
========== L2 cache ==========
