** Running multitier-01.txt **
fetched RAM[10..17]
got 9a from cache[10]
fetched RAM[0..7]
got 00 from cache[0]

========== L1 cache ==========
┌─ set  0 ─ PLRU    3 ─┬──┈
│ 1 0                0 │ 00 25 4a 6f 94 b9 de 28
│ 0 0                0 │ 00 00 00 00 00 00 00 00
│ 0 0                0 │ 00 00 00 00 00 00 00 00
│ 0 0                0 │ 00 00 00 00 00 00 00 00
┌─ set  1 ─ PLRU    0 ─┬──┈
│ 0 0                0 │ 00 00 00 00 00 00 00 00
│ 0 0                0 │ 00 00 00 00 00 00 00 00
│ 0 0                0 │ 00 00 00 00 00 00 00 00
│ 0 0                0 │ 00 00 00 00 00 00 00 00
┌─ set  2 ─ PLRU    3 ─┬──┈
│ 1 0                0 │ 9a bf e4 09 2e 78 9d c2
│ 0 0                0 │ 00 00 00 00 00 00 00 00
│ 0 0                0 │ 00 00 00 00 00 00 00 00
│ 0 0                0 │ 00 00 00 00 00 00 00 00
┌─ set  3 ─ PLRU    0 ─┬──┈
│ 0 0                0 │ 00 00 00 00 00 00 00 00
│ 0 0                0 │ 00 00 00 00 00 00 00 00
│ 0 0                0 │ 00 00 00 00 00 00 00 00
│ 0 0                0 │ 00 00 00 00 00 00 00 00
┌─ set  4 ─ PLRU    0 ─┬──┈
│ 0 0                0 │ 00 00 00 00 00 00 00 00
│ 0 0                0 │ 00 00 00 00 00 00 00 00
│ 0 0                0 │ 00 00 00 00 00 00 00 00
│ 0 0                0 │ 00 00 00 00 00 00 00 00
┌─ set  5 ─ PLRU    0 ─┬──┈
│ 0 0                0 │ 00 00 00 00 00 00 00 00
│ 0 0                0 │ 00 00 00 00 00 00 00 00
│ 0 0                0 │ 00 00 00 00 00 00 00 00
│ 0 0                0 │ 00 00 00 00 00 00 00 00
┌─ set  6 ─ PLRU    0 ─┬──┈
│ 0 0                0 │ 00 00 00 00 00 00 00 00
│ 0 0                0 │ 00 00 00 00 00 00 00 00
│ 0 0                0 │ 00 00 00 00 00 00 00 00
│ 0 0                0 │ 00 00 00 00 00 00 00 00
┌─ set  7 ─ PLRU    0 ─┬──┈
│ 0 0                0 │ 00 00 00 00 00 00 00 00
│ 0 0                0 │ 00 00 00 00 00 00 00 00
│ 0 0                0 │ 00 00 00 00 00 00 00 00
│ 0 0                0 │ 00 00 00 00 00 00 00 00
========== L1 cache ==========

========== L2 cache ==========
┌─ set  0 ─ PLRU    0 ─┬──┈
│ 0 0                0 │ 00 00 00 00 00 00 00 00 00 00 00 00 00 00 00 00
│ 0 0                0 │ 00 00 00 00 00 00 00 00 00 00 00 00 00 00 00 00
│ 0 0                0 │ 00 00 00 00 00 00 00 00 00 00 00 00 00 00 00 00
│ 0 0                0 │ 00 00 00 00 00 00 00 00 00 00 00 00 00 00 00 00
┌─ set  1 ─ PLRU    0 ─┬──┈
│ 0 0                0 │ 00 00 00 00 00 00 00 00 00 00 00 00 00 00 00 00
│ 0 0                0 │ 00 00 00 00 00 00 00 00 00 00 00 00 00 00 00 00
│ 0 0                0 │ 00 00 00 00 00 00 00 00 00 00 00 00 00 00 00 00
│ 0 0                0 │ 00 00 00 00 00 00 00 00 00 00 00 00 00 00 00 00
┌─ set  2 ─ PLRU    0 ─┬──┈
│ 0 0                0 │ 00 00 00 00 00 00 00 00 00 00 00 00 00 00 00 00
│ 0 0                0 │ 00 00 00 00 00 00 00 00 00 00 00 00 00 00 00 00
│ 0 0                0 │ 00 00 00 00 00 00 00 00 00 00 00 00 00 00 00 00
│ 0 0                0 │ 00 00 00 00 00 00 00 00 00 00 00 00 00 00 00 00
┌─ set  3 ─ PLRU    0 ─┬──┈
│ 0 0                0 │ 00 00 00 00 00 00 00 00 00 00 00 00 00 00 00 00
│ 0 0                0 │ 00 00 00 00 00 00 00 00 00 00 00 00 00 00 00 00
│ 0 0                0 │ 00 00 00 00 00 00 00 00 00 00 00 00 00 00 00 00
│ 0 0                0 │ 00 00 00 00 00 00 00 00 00 00 00 00 00 00 00 00
┌─ set  4 ─ PLRU    0 ─┬──┈
│ 0 0                0 │ 00 00 00 00 00 00 00 00 00 00 00 00 00 00 00 00
│ 0 0                0 │ 00 00 00 00 00 00 00 00 00 00 00 00 00 00 00 00
│ 0 0                0 │ 00 00 00 00 00 00 00 00 00 00 00 00 00 00 00 00
│ 0 0                0 │ 00 00 00 00 00 00 00 00 00 00 00 00 00 00 00 00
┌─ set  5 ─ PLRU    0 ─┬──┈
│ 0 0                0 │ 00 00 00 00 00 00 00 00 00 00 00 00 00 00 00 00
│ 0 0                0 │ 00 00 00 00 00 00 00 00 00 00 00 00 00 00 00 00
│ 0 0                0 │ 00 00 00 00 00 00 00 00 00 00 00 00 00 00 00 00
│ 0 0                0 │ 00 00 00 00 00 00 00 00 00 00 00 00 00 00 00 00
┌─ set  6 ─ PLRU    0 ─┬──┈
│ 0 0                0 │ 00 00 00 00 00 00 00 00 00 00 00 00 00 00 00 00
│ 0 0                0 │ 00 00 00 00 00 00 00 00 00 00 00 00 00 00 00 00
│ 0 0                0 │ 00 00 00 00 00 00 00 00 00 00 00 00 00 00 00 00
│ 0 0                0 │ 00 00 00 00 00 00 00 00 00 00 00 00 00 00 00 00
┌─ set  7 ─ PLRU    0 ─┬──┈
│ 0 0                0 │ 00 00 00 00 00 00 00 00 00 00 00 00 00 00 00 00
│ 0 0                0 │ 00 00 00 00 00 00 00 00 00 00 00 00 00 00 00 00
│ 0 0                0 │ 00 00 00 00 00 00 00 00 00 00 00 00 00 00 00 00
│ 0 0                0 │ 00 00 00 00 00 00 00 00 00 00 00 00 00 00 00 00
========== L2 cache ==========
